8 16 23 29 40 41
3 5 11 40 41 47
12 14 40 41 42 43
7 8 11 14 26 45
2 8 16 39 43 49
4 12 20 32 42 47
1 8 11 17 22 30
12 18 20 37 44 46
14 19 21 29 37 46
3 4 7 36 39 40
8 13 25 28 47 48
9 10 20 24 27 46
12 14 35 43 46 48
7 22 31 33 35 49
6 17 21 22 26 49
5 7 11 21 28 34
19 21 25 30 31 45
1 4 10 31 35 43
17 37 39 44 46 49
9 18 23 27 45 46
3 5 7 8 25 35
5 6 16 27 40 45
8 17 22 24 42 43
3 13 18 30 39 48
16 20 21 22 40 45
15 23 29 41 46 48
9 13 22 36 47 48
6 7 10 16 31 36
1 3 11 32 35 38
6 15 27 41 42 49
13 23 27 29 35 48
11 21 26 28 31 32
2 17 21 29 32 44
3 6 20 31 32 43
4 9 10 12 15 47
5 8 15 18 23 43
7 22 25 30 42 48
10 11 22 33 36 48
1 23 24 25 46 48
5 18 20 28 35 38
2 3 22 24 47 49
9 13 37 38 43 47
11 20 23 33 37 47
11 16 17 22 33 53
1 10 18 27 29 36
8 20 23 30 43 49
5 6 29 46 48 53
15 17 27 30 45 53
4 14 28 35 36 50
5 13 39 47 51 52
11 14 25 26 31 34
11 18 20 23 33 48
16 21 22 24 45 50
2 5 18 34 47 52
8 12 15 28 41 47
12 13 15 27 31 40
11 14 17 19 28 34
6 18 32 36 46 48
3 12 14 44 46 52
7 13 18 24 29 39
4 12 23 32 41 42
13 16 19 25 38 47
8 14 19 26 36 47
5 17 30 38 42 50
6 19 20 23 26 51
7 32 33 35 37 46
15 19 23 27 39 48
1 2 3 17 28 39
11 15 16 25 36 42
16 23 27 28 38 42
8 11 14 17 49 51
1 12 24 34 38 44
13 21 27 47 49 51
2 3 10 16 17 21
3 8 10 19 28 45
1 23 26 35 38 45
11 30 33 38 44 52
2 21 28 32 44 51
13 17 24 27 28 51
2 13 18 19 33 38
8 15 18 34 43 50
5 8 26 40 41 52
3 4 23 35 44 46
1 5 24 29 39 50
1 7 14 15 45 49
9 13 15 17 34 47
7 18 23 25 40 42
5 12 24 28 34 38
2 12 16 20 27 37
2 8 11 13 26 30
1 7 15 22 32 43
7 13 21 36 50 53
10 17 20 29 42 47
4 8 11 21 34 45
15 16 22 40 44 52
4 21 24 27 32 52
4 25 32 43 45 46
14 21 30 37 41 50
2 8 9 20 36 38
3 7 16 28 30 52
7 15 18 26 47 48
9 12 40 42 48 52
9 14 16 28 37 38
3 15 26 30 35 40
30 35 38 44 51 52
8 12 15 21 26 39
5 15 33 40 46 52
6 24 28 37 43 51
4 5 25 32 33 50
1 4 20 35 37 38
6 8 10 17 35 49
4 8 28 41 45 53
4 6 33 37 38 53
5 12 14 16 18 37
3 16 30 35 43 45
5 18 24 26 28 31
11 14 20 36 43 47
13 20 28 31 33 52
10 15 17 28 42 43
17 23 25 28 48 49
9 10 14 26 34 42
4 26 30 36 51 52
22 27 35 37 51 53
5 13 16 28 29 41
2 10 31 34 48 53
25 26 28 37 42 52
7 9 10 24 43 45
24 30 31 42 46 49
21 23 26 32 34 42
1 2 9 38 44 47
4 17 27 46 48 51
7 11 14 17 26 45
4 5 12 13 36 52
4 6 8 12 37 52
6 13 19 34 35 41
6 12 20 35 44 46
9 16 23 39 44 47
1 5 21 33 43 48
11 13 30 39 48 50
12 16 26 34 40 50
19 29 30 35 52 53
11 13 18 21 39 40
23 25 28 30 36 40
17 26 27 33 38 39
6 31 42 44 46 52
2 14 19 27 28 43
11 12 22 27 32 44
13 27 28 34 48 50
8 24 47 48 50 53
11 21 32 38 39 48
3 7 18 30 38 41
7 25 38 42 43 49
6 8 18 21 27 43
7 23 27 31 40 46
7 15 19 23 46 49
15 17 33 38 44 53
5 10 26 46 49 50
4 7 9 11 29 49
5 21 26 36 46 48
3 10 25 37 48 52
35 38 40 45 47 50
7 8 9 16 34 39
14 22 29 31 39 43
3 20 28 37 49 52
8 27 29 34 37 47
5 22 23 29 43 45
26 41 45 48 51 52
18 27 30 31 36 38
15 17 19 22 26 44
7 15 26 30 32 35
3 25 36 38 41 53
2 29 38 39 43 48
1 10 16 23 32 43
18 22 28 40 44 49
3 7 21 33 38 46
3 6 13 19 38 52
10 21 22 30 33 52
8 13 37 49 50 51
11 17 21 36 42 52
10 19 22 32 37 39
4 5 33 44 46 50
9 11 30 37 39 49
3 10 18 20 25 27
2 17 27 31 34 52
4 13 28 40 45 50
32 35 38 40 50 52
11 18 26 28 32 40
1 14 32 36 37 48
10 12 18 26 32 48
6 16 18 26 31 43
1 8 17 20 29 36
10 17 28 31 45 47
1 12 13 14 30 49
15 30 37 38 45 47
3 4 7 18 26 42
1 9 16 38 42 44
6 9 13 25 27 47
7 15 17 27 37 51
5 24 39 41 46 50
6 26 28 32 35 42
2 5 17 22 29 51
2 9 14 22 45 47
4 31 37 38 40 51
9 22 24 38 49 52
3 6 26 27 29 44
3 13 16 28 37 42
16 22 27 32 46 50
2 5 18 23 30 51
1 18 26 27 41 47
9 10 27 29 37 39
3 9 10 22 23 43
3 15 19 41 42 51
5 9 24 26 40 41
2 11 13 25 37 49
2 14 27 28 35 40
4 21 36 38 45 48
1 7 12 16 18 32
15 25 26 34 41 42
2 3 7 30 49 52
16 18 20 21 25 27
5 18 29 33 49 53
2 18 36 37 43 47
7 10 15 35 41 45
4 20 39 41 46 50
18 27 37 40 43 46
13 18 28 29 30 31
7 31 36 42 43 50
15 24 28 32 50 51
4 5 20 38 40 49
5 8 11 13 23 40
13 23 27 43 44 50
4 15 25 28 34 51
1 4 17 32 52 53
9 11 15 29 31 47
1 9 37 42 44 46
18 28 31 32 46 49
6 17 26 43 45 50
3 9 10 24 33 35
2 11 25 29 30 35
7 16 28 46 47 49
17 19 21 24 49 53
9 25 27 38 43 52
1 17 23 39 44 53
6 18 31 38 50 53
4 29 31 32 49 53
14 20 27 37 45 50
3 4 9 38 42 43
21 31 37 39 43 50
3 14 18 23 24 26
26 30 41 42 45 46
7 15 16 24 34 38
1 3 5 24 33 45
1 15 27 36 40 42
5 10 21 29 41 48
12 17 31 32 44 49
4 5 30 46 48 52
3 16 27 32 44 51
3 12 21 24 41 49
19 24 41 43 48 53
1 19 27 36 43 47
1 3 8 15 22 26
4 8 12 21 41 53
15 28 34 39 45 47
1 17 20 47 50 51
2 8 22 28 29 36
21 30 38 39 41 51
10 19 27 33 48 53
27 30 37 43 49 52
13 20 23 25 31 52
2 4 13 14 24 29
1 4 23 27 30 43
4 23 25 30 43 52
5 8 20 29 41 49
4 18 28 47 49 51
2 7 10 36 43 50
14 25 29 31 37 45
33 36 41 45 46 50
4 6 16 28 34 51
6 14 18 23 46 50
3 4 21 24 36 48
14 15 30 39 51 52
1 12 28 39 43 47
2 24 38 40 43 50
15 16 21 26 35 49
10 11 17 20 27 28
15 26 35 39 48 53
14 18 20 31 32 35
1 10 17 18 26 39
20 25 30 38 41 52
9 25 26 36 48 51
21 31 32 38 42 52
19 25 42 43 46 53
29 33 37 40 46 52
14 19 21 24 28 31
11 19 29 31 32 39
2 7 17 31 33 50
1 3 5 38 45 49
1 9 26 28 30 38
5 7 16 19 25 30
2 8 16 23 24 35
7 17 18 21 37 52
1 31 33 42 43 50
7 16 26 35 38 45
8 17 25 49 50 53
21 23 25 26 31 48
5 18 22 30 32 33
23 29 32 35 41 44
6 9 18 47 49 53
2 6 9 13 49 50
9 14 23 24 27 28
10 12 14 22 42 44
7 16 22 42 43 44
3 4 6 25 44 53
1 6 20 24 37 50
7 10 27 45 47 52
2 30 32 41 44 52
4 9 13 14 26 50
9 13 18 42 47 51
10 14 28 50 51 52
4 10 14 33 48 52
6 10 12 14 28 44
4 10 20 29 41 50
1 2 15 17 36 47
6 12 35 36 48 51
3 8 21 37 41 52
12 14 15 19 40 44
1 5 10 16 19 20
4 8 14 17 24 40
4 9 19 30 31 50
8 25 35 38 45 51
11 12 17 23 26 39
8 15 28 47 49 51
2 15 17 36 39 51
15 18 28 33 40 46
5 9 17 28 29 36
9 25 28 35 38 50
8 10 12 27 36 42
12 20 28 32 35 42
4 6 13 30 32 34
11 31 38 45 46 48
22 27 40 41 46 51
21 22 30 32 40 43
10 16 22 29 36 41
7 18 25 32 49 53
4 9 17 20 26 34
6 8 17 25 33 53
7 11 21 25 36 43
4 7 21 26 39 50
13 28 32 36 37 38
6 12 13 14 24 40
9 15 16 26 28 42
10 20 26 40 41 47
17 20 32 41 50 52
3 34 36 37 40 51
11 27 30 36 43 52
16 17 30 31 41 49
11 20 25 37 48 51
5 19 20 23 29 31
1 7 11 29 37 40
5 9 12 21 27 38
4 15 24 25 36 44
12 22 27 32 38 44
1 2 9 15 23 40
12 17 21 23 39 44
1 22 23 34 36 39
4 5 17 28 32 37
5 7 12 13 43 49
15 27 29 34 38 48
1 3 7 32 34 49
8 10 15 24 48 53
6 14 18 36 39 45
2 4 19 24 26 45
9 20 21 34 37 47
7 13 21 29 39 47
22 23 29 35 38 50
20 28 34 35 38 45
14 15 19 30 31 35
1 27 29 31 51 52
10 21 26 47 48 53
11 16 23 37 38 43
7 22 24 25 31 44
9 25 33 36 38 39
8 9 19 21 33 35
1 5 16 24 51 53
3 5 8 18 23 50
3 12 14 16 38 42
2 10 19 31 36 38
8 20 23 24 30 40
1 3 30 35 48 49
4 10 27 34 50 52
5 15 16 24 33 35
3 8 9 18 42 44
24 26 35 37 41 52
3 25 40 42 47 50
5 6 8 22 51 53
22 23 35 45 50 53
1 11 22 30 47 53
21 22 44 45 46 53
6 12 16 19 28 32
3 8 13 23 36 48
13 22 25 30 47 52
2 13 17 29 36 42
2 24 29 34 37 53
2 15 39 40 43 50
3 6 10 11 13 25
2 31 35 42 45 52
15 18 28 45 46 52
13 21 30 34 49 51
17 22 28 39 43 47
6 10 16 41 45 49
4 11 18 21 42 48
16 35 36 38 40 46
10 20 31 33 34 48
6 8 16 30 35 52
7 10 14 15 31 33
6 7 9 27 28 44
23 25 30 35 43 53
8 13 19 24 27 47
3 25 34 37 38 43
6 7 21 28 45 50
16 17 19 42 51 53
5 32 35 41 51 53
6 18 19 21 25 40
3 8 14 17 27 28
7 8 9 38 39 40
7 20 23 30 31 34
8 11 24 39 41 46
20 22 26 35 43 52
1 3 28 38 40 43
3 12 15 26 28 45
4 13 32 36 48 50
18 28 32 33 42 47
5 10 17 37 38 44
6 9 11 32 45 50
12 13 21 31 37 47
16 18 22 38 44 50
3 18 31 33 37 47
2 6 30 33 36 37
1 10 24 28 29 32
1 7 12 39 40 46
9 11 33 43 46 53
4 19 22 25 45 52
7 8 16 19 47 52
16 25 33 37 38 50
7 15 24 40 44 50
2 16 21 35 37 42
5 6 9 26 30 51
13 19 28 38 40 41
2 7 18 26 32 46
25 28 40 46 52 53
17 31 33 38 44 53
1 4 6 34 35 39
12 25 26 36 44 48
5 25 29 46 49 51
4 7 15 25 38 40
1 4 6 16 32 39
11 16 17 38 44 50
20 21 37 39 42 44
4 27 31 42 45 48
8 19 30 31 35 49
6 10 19 27 34 47
11 12 30 40 52 53
14 20 24 29 31 47
7 15 19 30 34 41
2 3 11 46 47 51
12 15 17 18 25 35
9 18 24 30 35 42
11 19 20 32 47 48
11 15 17 26 44 47
3 11 15 22 41 52
2 3 15 21 33 41
1 5 12 20 33 46
13 17 33 34 40 49
11 17 30 35 46 53
1 4 8 12 45 48
4 8 10 27 28 43
3 14 21 32 41 45
1 20 21 23 26 36
5 10 12 18 22 48
4 23 24 38 39 42
2 5 17 26 41 53
4 11 20 23 41 44
3 4 13 15 41 42
3 10 11 28 42 49
2 12 40 41 44 46
3 7 14 27 38 40
2 13 14 44 45 49
2 8 37 43 47 52
10 18 25 26 28 41
13 22 32 38 40 44
1 11 28 39 42 49
10 13 20 30 43 45
3 5 21 27 31 50
2 14 17 45 47 51
12 18 20 37 42 49
24 36 37 41 42 53
12 13 20 27 33 43
4 8 9 11 47 51
9 11 25 42 44 48
10 11 14 21 30 34
15 25 33 40 42 51
3 15 34 45 47 50
6 27 28 35 46 48
5 8 18 35 44 52
15 21 41 43 49 52
4 6 13 16 22 24
16 23 30 36 41 49
5 19 22 34 43 53
4 13 16 25 42 52
3 17 20 40 47 48
1 13 22 36 42 47
11 20 24 43 44 49
12 15 25 30 33 47
9 21 22 25 50 53
11 13 18 29 41 51
3 4 12 21 23 27
2 10 16 18 21 27
15 18 29 37 48 51
4 12 18 25 31 48
13 15 17 33 39 44
2 14 15 25 47 49
6 12 15 26 33 47
17 23 26 30 39 44
8 22 35 37 38 53
12 16 24 36 42 53
12 18 28 34 43 49
8 11 15 20 22 24
12 21 37 39 43 47
5 17 34 35 36 41
17 18 19 27 33 51
4 12 18 28 32 35
2 17 21 24 29 31
12 16 28 48 49 51
16 29 32 42 45 47
8 16 23 33 36 44
19 20 28 34 36 45
3 12 25 36 46 47
9 11 23 33 36 43
15 19 20 28 34 48
7 8 9 12 32 44
6 12 14 45 50 52
1 16 17 26 28 40
7 14 15 18 25 28
3 10 13 25 35 44
3 4 6 20 48 51
6 9 22 31 44 49
16 17 19 30 46 48
3 8 14 17 41 43
10 23 36 39 46 53
7 9 11 18 31 40
1 6 8 11 12 37
8 20 30 34 43 50
8 12 29 39 42 45
1 17 22 29 34 40
2 4 16 31 32 43
11 17 26 36 37 48
4 7 18 20 25 32
1 7 22 26 35 50
6 8 16 36 38 52
2 21 23 30 36 48
3 25 28 40 47 49
10 26 27 42 48 50
13 20 24 34 36 50
8 10 24 26 48 49
5 22 27 37 40 52
6 7 26 39 40 42
10 13 28 30 31 51
12 13 22 32 37 39
3 13 31 33 37 48
1 16 34 35 41 47
10 14 25 27 42 52
6 10 20 33 35 51
10 15 22 39 46 52
7 8 28 29 31 33
4 12 14 30 42 46
2 20 39 44 49 52
6 7 13 41 46 50
13 26 34 38 46 48
10 33 38 39 41 44
17 21 29 35 51 52
1 26 35 38 46 52
1 2 16 29 35 36
11 12 18 42 44 53
19 20 21 28 38 50
11 21 32 35 42 46
2 9 21 22 33 49
4 25 28 30 39 43
1 2 6 13 15 42
21 31 46 47 50 52
15 19 22 32 41 51
7 24 33 35 40 43
1 10 12 22 32 35
4 14 15 30 43 50
4 8 22 25 29 42
3 5 13 15 21 26
9 11 29 39 45 47
3 17 19 28 33 48
6 7 8 35 48 52
7 13 26 28 34 43
4 13 17 18 25 38
1 20 27 32 38 51
5 12 19 25 40 43
2 17 18 39 41 43
2 4 26 32 39 52
3 4 19 29 34 37
5 30 31 36 41 43
18 30 37 39 42 45
5 13 23 33 43 46
6 12 15 41 42 52
1 19 37 38 46 53
12 13 16 28 30 44
3 11 18 29 52 53
10 15 23 28 35 49
8 9 10 31 47 50
5 11 23 31 39 48
1 7 25 30 41 46
9 12 14 18 19 23
2 25 26 27 30 37
8 18 20 31 45 50
10 19 22 33 34 44
3 25 29 47 50 53
4 5 9 17 19 30
5 10 16 21 47 53
14 20 21 29 36 44
2 16 17 18 20 29
13 32 33 34 47 49
7 18 23 25 31 32
18 19 21 34 36 49
9 11 16 22 44 52
17 21 22 40 43 45
2 7 9 12 20 23
2 20 22 30 31 51
1 5 18 20 22 47
5 14 22 35 41 42
6 8 16 28 46 48
1 3 6 11 27 44
1 15 22 30 48 51
1 11 18 24 25 47
6 8 18 32 38 45
4 13 21 33 34 47
1 20 33 35 37 48
1 6 9 16 22 43
1 8 15 36 37 44
7 9 26 32 40 51
19 22 24 29 30 34
4 11 21 30 32 46
16 22 25 28 39 53
2 20 22 32 40 44
6 19 21 27 40 51
24 28 31 32 34 52
22 30 37 42 44 51
6 7 13 29 44 53
2 14 21 23 32 34
3 13 14 19 23 53
9 11 18 27 40 51
1 15 21 40 46 49
7 20 40 41 43 47
3 6 11 15 39 51
10 42 45 47 52 53
16 30 35 38 44 53
9 11 18 27 38 39
17 18 25 36 39 45
5 15 29 38 45 49
14 19 28 31 36 40
13 20 22 30 39 48
17 22 25 30 43 52
6 11 16 24 40 52
3 27 34 36 42 44
4 19 27 35 43 48
17 33 34 46 49 52
10 25 29 40 43 48
16 39 43 46 49 50
2 3 16 21 36 39
1 3 6 18 44 49
1 8 32 34 49 52
6 8 18 39 45 51
5 10 27 44 45 50
6 18 21 23 35 36
6 19 37 49 51 53
3 13 15 29 35 50
11 24 25 26 29 51
2 7 10 14 16 43
11 19 33 36 43 44
8 12 38 44 47 50
9 10 16 22 25 28
3 4 5 9 44 51
1 22 26 40 48 50
1 22 26 29 31 39
1 8 12 19 38 53
7 10 29 33 34 41
1 3 6 11 14 50
15 22 29 31 35 51
8 21 29 35 41 43
13 26 30 32 37 42
5 24 25 33 38 43
8 12 16 23 38 41
20 26 28 30 32 45
15 27 32 33 34 45
7 20 21 33 39 51
2 16 24 30 39 40
7 10 11 30 37 39
7 11 23 24 25 29
5 26 34 40 41 49
26 31 34 44 46 53
17 29 32 47 48 52
2 7 13 36 37 45
11 17 20 27 35 38
10 11 23 29 41 45
7 10 13 25 29 32
14 15 29 46 49 52
4 21 28 44 48 49
1 9 28 36 44 48
5 6 37 40 44 51
2 7 12 20 26 45
21 25 36 39 43 51
13 30 32 37 40 46
9 19 24 47 48 51
5 9 19 26 45 46
2 4 12 35 44 46
12 13 17 27 32 36
5 10 23 31 43 47
1 28 30 39 49 50
15 17 21 27 29 43
4 7 9 12 18 22
7 24 28 38 50 53
12 14 20 39 42 49
1 5 12 27 33 52
2 4 8 16 24 46
15 20 23 30 34 41
3 12 19 23 28 35
2 3 8 33 40 51
14 24 30 34 43 44
1 12 23 26 37 46
15 24 29 32 51 53
7 15 30 31 34 35
5 15 16 18 21 36
10 12 28 38 39 49
6 14 31 32 48 51
7 15 38 46 47 50
17 26 30 39 49 50
2 13 16 34 36 43
1 7 8 11 14 52
4 7 25 37 45 51
9 27 28 30 42 51
13 27 30 33 34 40
3 29 32 44 48 50
9 33 40 42 50 51
1 6 17 30 42 49
16 25 27 30 34 44
3 9 18 38 39 41
13 15 18 22 29 44
14 20 30 31 33 34
11 13 18 26 44 50
3 6 21 25 27 32
5 13 27 29 32 37
5 10 22 25 39 45
13 15 24 26 35 43
6 10 11 31 36 52
1 5 18 22 27 50
10 12 23 27 50 53
3 4 15 39 44 48
4 10 11 26 27 39
7 10 15 24 25 29
13 15 29 35 45 49
5 17 28 31 47 51
3 7 8 10 22 42
6 17 23 24 36 40
7 8 27 28 30 33
6 37 41 43 45 47
12 15 24 30 40 48
5 9 14 21 22 42
3 5 23 35 36 42
4 7 8 11 20 27
13 20 27 33 41 43
8 9 20 43 48 53
1 24 28 34 49 51
5 7 23 24 36 48
23 24 28 32 33 39
15 29 40 50 52 53
6 12 13 34 42 52
5 11 28 37 39 48
21 31 45 47 48 52
10 11 12 35 41 52
9 14 25 37 42 52
21 22 23 40 48 53
9 11 17 18 45 46
1 18 25 33 39 43
18 23 26 40 43 45
1 6 32 38 41 53
4 34 35 36 39 52
4 10 28 35 44 49
10 30 39 41 48 49
8 14 15 16 18 26
8 24 33 36 50 51
12 19 20 29 36 49
3 10 26 40 41 52
16 24 28 37 46 47
13 14 28 33 34 45
5 11 19 32 36 45
3 5 17 19 35 39
21 27 28 38 42 49
2 3 6 7 27 45
15 19 33 46 47 51
6 20 22 24 32 41
10 11 18 24 26 35
7 11 14 34 42 48
11 18 20 24 27 51
12 14 16 23 26 45
4 10 23 36 40 48
9 23 26 28 36 53
1 3 13 25 31 39
14 20 22 44 50 52
19 22 29 36 48 50
5 7 25 36 38 50
6 13 26 29 32 45
2 23 29 32 37 50
3 8 10 30 42 47
1 15 24 38 39 50
15 22 28 37 42 49
3 13 19 22 49 53
6 9 21 29 40 52
2 5 12 19 26 43
7 20 33 34 37 40
1 5 20 23 31 38
10 17 20 21 22 35
4 7 14 26 28 34
1 8 22 46 47 50
1 6 13 21 22 39
14 23 28 50 52 53
9 19 22 27 33 53
14 18 19 24 37 46
3 16 23 39 47 49
9 19 27 41 48 52
5 9 25 31 50 53
4 7 12 30 41 46
6 9 11 44 45 52
28 31 36 39 42 44
3 15 19 22 47 53
12 14 28 32 41 42
8 15 26 28 29 32
7 10 13 16 22 24
6 31 34 44 45 49
4 8 21 22 44 49
8 13 14 32 43 48
4 6 21 38 45 53
12 31 34 37 48 52
16 26 32 41 46 49
7 19 29 30 36 50
11 14 25 37 40 41
18 24 27 32 38 46
6 8 35 37 49 53
1 20 37 42 44 45
8 12 13 24 27 41
1 12 14 27 38 42
12 18 31 33 43 46
3 4 10 29 30 38
3 11 22 23 24 51
7 8 37 49 51 53
4 11 22 44 45 47
22 31 32 36 48 51
4 8 22 26 32 49
1 2 15 16 42 44
4 5 16 25 27 37
3 12 18 19 24 45
6 10 18 23 27 34
10 21 22 37 42 49
3 6 25 28 33 37
19 23 28 34 35 46
1 5 10 21 27 38
7 9 12 14 41 44
11 17 26 29 47 48
5 14 17 28 36 39
14 33 34 35 38 46
10 11 18 28 37 50
5 14 25 30 33 46
6 31 32 41 44 47
2 15 21 32 45 53
8 29 30 41 42 46
13 20 33 38 41 45
8 13 16 17 40 46
4 7 25 33 46 48
3 25 35 41 46 53
3 20 28 29 44 51
7 10 15 20 22 38
19 23 34 35 41 48
4 5 13 31 47 50
5 21 23 30 31 42
6 23 35 36 38 50
16 17 19 36 42 44
2 28 35 37 50 51
14 15 33 37 43 52
9 27 31 38 41 43
11 31 38 40 41 47
7 13 16 28 38 47
2 12 32 36 40 43
6 15 23 32 33 38
5 13 27 34 42 46
7 16 27 39 47 53
2 9 23 27 42 47
1 21 27 31 34 52
12 15 20 26 28 39
4 11 29 39 47 51
1 12 19 35 37 48
4 25 33 40 41 45
4 6 7 15 18 52
13 16 28 30 38 50
1 17 37 40 41 45
20 21 36 42 48 53
1 10 24 27 44 47
2 20 25 26 28 30
4 12 18 20 33 49
10 12 20 25 28 39
17 18 23 29 34 51
6 9 18 29 52 53
2 20 23 33 43 50
4 10 20 27 34 52
2 13 16 26 48 51
22 29 31 36 46 51
16 20 22 32 44 51
23 25 27 28 33 44
1 7 8 11 13 51
6 10 26 37 46 50
9 17 20 29 41 49
1 4 11 24 42 53
10 15 25 35 47 53
19 22 23 32 36 47
10 23 25 30 37 39
1 33 34 40 41 53
13 23 31 33 35 38
4 10 19 34 38 45
3 11 29 36 38 48
6 11 29 30 41 48
1 13 23 26 41 47
2 14 15 25 46 52
11 15 22 23 25 42
9 17 30 36 45 49
7 8 40 41 44 45
12 13 17 22 41 53
19 30 36 41 44 52
1 14 17 32 40 46
3 14 18 27 28 47
4 6 8 22 37 40
1 24 25 26 42 45
24 41 42 46 47 52
7 18 19 26 32 33
5 6 17 23 26 38
8 29 40 42 43 45
7 9 21 22 44 47
15 18 19 36 42 48
8 9 10 29 38 53
9 18 19 20 43 46
18 20 27 38 48 51
4 12 31 33 37 44
1 10 20 23 41 51
9 14 19 29 44 51
8 9 10 29 37 47
6 17 40 49 51 52
3 6 9 14 29 46
5 18 20 27 42 53
7 9 22 23 27 43
1 6 9 12 38 49
5 7 13 26 27 52
2 12 16 25 35 47
2 11 12 39 42 43
6 10 22 44 46 48
2 9 30 34 39 53
6 12 22 23 49 51
4 6 9 22 30 53
11 23 24 26 44 45
4 14 22 44 50 52
21 22 33 34 38 52
4 8 37 41 43 48
2 17 24 26 48 51
5 8 16 20 28 51
28 31 32 45 48 49
11 23 33 39 40 49
1 2 6 24 26 51
7 18 20 27 37 51
4 8 17 22 25 35
7 12 17 19 42 53
13 19 20 31 38 49
4 6 26 27 33 45
14 34 36 39 49 53
4 8 11 15 46 53
4 17 29 44 46 47
12 13 36 38 44 51
5 8 21 33 41 50
7 11 20 30 45 53
4 19 26 29 39 50
1 6 10 38 46 49
16 17 22 28 45 50
4 19 29 32 44 49
3 12 24 27 42 43
18 27 33 34 36 42
8 29 38 39 49 50
13 15 21 41 42 44
10 28 33 34 36 51
3 6 18 24 31 36
2 11 21 23 31 33
7 12 27 29 42 45
15 31 32 33 38 49
1 9 10 21 33 35
2 4 8 10 30 33
2 5 13 28 31 41
6 12 14 30 40 41
8 17 24 34 40 41
6 20 25 31 32 45
23 28 30 40 43 47
16 36 39 41 45 50
7 10 12 27 35 51
1 17 20 31 32 37
2 9 11 17 23 49
20 28 29 39 43 49
4 8 13 36 37 39
8 12 19 26 34 45
8 10 11 14 23 36
18 25 31 41 44 47
11 19 43 44 47 53
6 9 16 31 32 42
1 5 8 36 37 44
2 14 27 31 43 53
7 16 17 34 44 47
5 6 9 25 39 41
8 14 22 26 33 51
2 22 26 44 46 47
2 6 11 18 38 48
2 6 25 31 37 50
5 16 18 19 20 37
8 16 31 37 45 48
5 7 31 39 44 45
13 17 42 48 49 50
3 32 34 39 44 51
28 32 37 45 49 52
6 9 18 36 46 53
19 25 26 32 37 45
1 3 9 11 22 26
3 4 22 42 45 47
11 13 14 15 16 34
16 29 31 37 41 53
5 11 12 31 37 46
4 27 28 33 42 44
16 36 37 41 45 46
22 25 26 38 41 49
6 9 19 27 28 50
11 31 34 36 43 49
5 16 26 29 41 48
6 24 26 28 31 50
18 21 23 35 45 52
9 14 25 28 33 40
18 38 41 43 50 53
4 23 29 38 45 52
3 15 19 24 37 51
6 9 11 14 29 36
13 23 30 38 40 53
2 5 6 18 37 42
4 19 23 40 44 50
13 16 19 20 27 33
1 4 24 37 44 46
1 25 27 28 39 48
4 10 11 17 18 29
4 9 10 22 30 50
6 7 12 20 24 36
19 21 34 38 44 53
19 20 28 36 45 49
5 8 21 27 50 51
8 11 19 25 46 52
18 19 20 41 50 51
14 16 17 19 43 45
5 21 32 33 39 48
3 22 32 35 43 48
4 18 29 30 40 53
3 14 28 32 34 35
11 14 15 37 44 51
8 18 28 31 33 46
13 18 29 31 35 43
5 23 30 35 46 50
7 15 17 29 35 45
25 27 29 32 47 52
7 8 30 34 35 38
17 22 29 42 46 52
8 17 18 21 32 42
6 36 37 41 48 50
7 21 23 27 36 43
4 8 12 17 19 28 x2
20 41 42 45 49 52 x2
2 9 13 17 39 44 x5
9 16 30 41 44 51 x2
14 15 17 30 33 53 x2
6 21 26 30 50 51 x3
5 13 22 38 40 49 x2
4 7 29 34 50 51 x2
2 19 25 26 36 40 x5
13 23 26 34 38 51 x3
1 3 4 8 13 43 x3
11 12 15 29 36 42 x2
2 3 36 38 43 52 x4
2 7 12 17 28 41 x2
1 11 35 37 38 47 x5
7 13 24 29 36 37 x4
5 33 46 47 49 52 x5
10 16 35 40 41 42 x2
6 15 25 37 40 52 x4
6 8 11 16 17 48 x3
14 27 30 33 37 38 x5
2 3 23 38 43 48 x3
5 13 24 35 41 46 x2
15 19 28 29 38 51 x3
2 8 14 19 22 29 x2
22 26 34 35 40 47 x4
3 4 12 20 40 43 x5
1 4 25 27 48 49 x2
4 11 15 22 23 27 x2
37 39 42 47 49 51 x3
1 23 29 39 40 45 x3
6 15 16 37 41 50 x5
6 9 11 30 31 51 x4
16 31 33 39 43 53 x2
16 19 25 39 48 52 x2
6 15 23 24 34 38 x4
23 34 42 44 47 53 x4
5 8 20 25 29 43 x2
7 16 24 39 49 53 x5
6 24 35 46 47 48 x2
21 33 34 38 43 44 x4
18 32 38 39 43 47 x5
5 12 20 21 42 48 x2
4 6 14 32 40 53 x4
8 10 18 21 31 40 x4
2 3 16 30 45 50 x4
9 10 20 25 27 39 x4
1 4 9 16 46 52 x2
23 29 32 34 41 44 x4
6 21 28 30 31 34 x5
11 19 26 28 31 47 x3
5 8 18 19 31 39 x4
7 9 10 24 32 52 x4
15 16 20 32 45 50 x3
14 22 27 49 50 52 x2
12 21 25 34 47 53 x2
5 15 29 37 39 52 x3
1 10 22 26 29 32 x4
5 7 24 27 29 31 x5
1 15 18 21 22 51 x4
4 11 22 31 34 37 x4
8 13 17 25 27 37 x4
5 26 38 43 50 53 x5
4 9 22 29 45 52 x2
2 3 25 30 35 40 x4
3 7 8 25 36 45 x3
6 12 29 41 44 48 x5
5 25 29 32 41 48 x4
17 25 29 40 47 49 x5
2 6 17 39 44 45 x2
6 8 21 24 41 53 x4
8 27 33 39 40 46 x4
1 7 19 22 26 29 x3
6 10 15 24 36 46 x5
5 9 12 17 31 46 x4
12 14 20 22 33 42 x3
2 5 9 20 26 38 x3
11 22 39 40 48 49 x3
13 21 25 26 37 46 x3
18 38 40 43 46 52 x4
4 5 23 32 37 47 x2
9 12 29 32 33 42 x2
4 7 9 11 30 41 x4
5 8 18 19 47 48 x4
6 8 26 28 36 50 x5
11 12 21 26 35 48 x2
4 15 27 29 33 50 x4
31 32 39 41 50 52 x2
2 3 5 22 41 45 x4
26 31 32 34 36 52 x5
7 9 11 34 40 47 x3
20 23 37 41 46 51 x2
23 33 35 37 51 52 x4
2 7 9 22 29 42 x5
4 15 23 24 42 46 x4
7 8 10 20 44 47 x5
2 10 16 27 48 49 x3
6 12 19 26 30 31 x5
3 4 5 7 19 30 x5
7 12 30 48 49 51 x4
4 17 18 19 45 47 x5
6 17 30 34 39 47 x3
20 24 29 30 36 53 x3
10 16 17 26 42 47 x5
1 2 32 35 38 47 x3
7 8 9 12 13 25 x5
1 4 6 37 38 51 x3
12 16 23 29 32 48 x5
8 11 14 25 33 39 x4
10 24 30 36 41 44 x4
15 29 38 47 50 51 x3
3 14 24 30 33 38 x4
2 15 24 34 39 52 x3
8 20 25 28 42 44 x5
8 11 13 35 38 39 x2
9 29 31 42 43 50 x3
15 29 37 40 42 43 x3
19 23 26 28 49 52 x5
16 20 32 43 48 52 x4
3 12 22 28 43 51 x2
4 14 23 42 46 50 x5
24 27 33 38 50 52 x5
3 4 21 25 35 40 x4
6 8 15 36 40 47 x4
6 12 16 37 46 52 x3
3 25 32 33 34 51 x3
17 25 28 45 47 48 x2
5 16 26 41 48 53 x2
11 16 19 21 37 45 x2
13 35 38 40 49 52 x2
4 5 12 19 23 49 x2
11 14 39 41 49 53 x4
9 12 14 33 35 52 x4
7 20 35 36 38 48 x4
7 18 19 23 35 52 x3
12 17 19 20 33 37 x4
14 24 29 30 51 52 x2
4 5 20 23 38 48 x4
3 11 24 29 35 51 x4
1 13 18 24 40 53 x3
8 16 17 26 45 47 x5
3 12 16 30 37 46 x4
4 11 32 38 40 49 x4
5 7 18 24 49 53 x5
3 7 11 19 40 41 x4
5 6 14 23 24 29 x4
6 9 17 38 43 52 x5
9 10 23 24 37 38 x4
1 2 5 41 49 50 x4
5 29 31 38 52 53 x3
7 10 21 33 39 41 x5
5 7 9 25 43 49 x5
3 9 10 20 31 52 x3
8 21 34 35 37 40 x4
2 15 21 22 24 45 x5
10 11 14 18 40 41 x4
1 8 15 32 40 43 x5
1 12 21 33 34 40 x3
4 20 40 43 46 53 x3
12 22 32 38 43 53 x2
16 20 26 27 37 53 x5
14 16 28 37 45 51 x4
6 13 22 27 37 50 x3
24 25 43 46 48 53 x4
1 5 8 29 30 46 x3
5 6 9 11 26 39 x2
15 23 29 40 43 48 x5
6 19 23 48 51 52 x3
1 5 13 24 28 52 x4
7 36 41 42 44 47 x3
8 14 15 34 41 42 x5
5 8 16 18 21 51 x3
5 30 34 44 47 49 x3
4 10 27 41 52 53 x3
15 36 42 46 48 53 x2
4 14 17 37 42 50 x2
2 6 19 31 36 39 x4
2 27 36 43 44 52 x5
10 30 36 41 49 51 x3
15 35 41 45 46 48 x3
3 4 6 39 48 52 x5
5 34 38 40 45 52 x4
25 28 38 42 44 48 x5
6 12 15 30 41 44 x2
5 8 12 18 31 36 x4
3 8 24 38 39 40 x3
13 19 23 38 42 51 x3
4 6 7 31 44 49 x2
14 21 22 24 44 48 x2
15 27 30 36 43 44 x2
8 36 46 47 48 52 x4
4 21 28 37 41 44 x3
1 8 15 44 46 47 x2
26 33 40 44 46 52 x3
4 6 7 19 32 39 x2
9 15 17 18 26 28 x5
5 14 35 41 47 49 x5
1 23 24 31 32 52 x4
21 26 32 35 39 44 x5
1 11 25 26 45 50 x3
6 9 18 20 41 45 x3
1 3 4 12 15 33 x5
4 10 28 32 35 43 x2
4 16 31 36 41 44 x3
8 10 15 34 39 45 x4
6 9 16 24 31 42 x4
24 26 28 29 42 50 x2
10 16 20 34 38 45 x5
8 9 25 38 50 52 x3
3 9 36 41 42 44 x3
1 7 17 32 33 34 x5
7 15 32 34 43 48 x3
2 12 13 27 48 50 x4
3 8 12 28 34 48 x3
11 31 34 39 47 52 x3
1 4 5 37 38 51 x5
9 16 29 44 48 51 x4
3 11 15 22 37 38 x2
10 24 34 37 39 45 x4
3 5 17 24 34 53 x5
3 10 11 20 42 43 x5
2 9 13 22 26 37 x2
7 11 13 36 37 51 x2
21 27 39 48 49 53 x5
5 9 26 30 34 39 x5
3 19 22 28 34 37 x4
1 3 4 9 33 38 x5
6 21 40 46 51 52 x2
3 10 24 25 49 52 x4
2 11 15 19 24 26 x5
3 14 40 42 45 51 x2
11 22 29 34 44 46 x3
9 18 21 22 33 51 x5
8 14 18 29 33 37 x2
11 26 36 45 46 52 x4
9 12 17 29 35 50 x4
8 33 36 40 43 51 x5
11 12 27 35 38 45 x5
4 9 14 18 35 47 x4
20 32 34 41 42 45 x3
15 23 38 48 52 53 x3
9 16 34 39 41 46 x2
3 12 20 22 31 52 x2
1 8 11 20 47 52 x5
29 37 38 39 42 44 x2
7 18 37 41 45 51 x5
6 12 17 21 26 42 x3
1 2 6 14 19 31 x5
6 20 27 33 42 45 x3
5 8 9 16 20 45 x3
5 9 18 31 44 48 x4
7 14 19 31 48 52 x5
1 10 17 19 22 31 x5
30 38 39 43 44 49 x5
2 3 4 10 18 26 x2
1 12 25 33 35 42 x3
13 18 24 33 37 50 x2
1 15 17 23 31 33 x2
4 15 26 28 35 47 x5
7 14 16 23 36 43 x3
11 34 43 45 46 51 x2
1 3 22 28 36 40 x2
1 5 12 19 32 44 x3
1 15 22 27 31 43 x2
7 11 39 46 50 53 x4
4 11 13 17 20 28 x3
12 20 22 32 34 41 x2
2 13 20 26 45 53 x5
1 6 14 17 21 34 x2
3 14 17 32 33 34 x2
2 27 43 44 47 52 x5
5 10 14 17 28 33 x2
5 6 9 23 30 41 x4
15 23 30 48 49 52 x4
4 6 19 20 38 48 x2
6 8 15 22 47 50 x4
4 12 14 26 36 46 x5
13 22 27 36 43 52 x5
1 2 21 42 45 49 x3
5 7 15 30 46 48 x2
4 8 20 24 35 43 x4
5 7 10 24 28 43 x3
2 7 18 29 35 44 x4
13 26 50 51 52 53 x4
7 11 21 28 43 46 x4
2 6 17 26 31 40 x3
16 19 26 31 39 50 x3
8 19 31 37 41 51 x5
1 3 7 23 33 44 x5
10 14 15 31 34 50 x5
4 19 30 46 49 53 x5
3 8 9 12 33 52 x5
22 27 31 38 39 42 x2
2 26 36 37 40 43 x3
6 9 18 32 39 49 x4
5 13 32 45 47 48 x5
3 7 10 19 24 27 x2
4 26 39 42 45 47 x5
14 29 30 41 43 49 x5
1 18 23 27 33 36 x4
1 28 36 39 44 47 x2
2 8 23 27 43 53 x5
23 28 29 36 37 46 x3
14 21 27 31 45 52 x2
2 6 7 11 21 41 x4
5 12 21 24 51 53 x5
5 7 12 22 31 53 x3
13 19 30 43 46 51 x3
1 3 16 19 25 38 x4
10 15 21 28 35 41 x3
13 14 25 26 37 39 x5
5 12 19 30 41 48 x2
11 19 29 31 37 50 x4
4 11 36 37 45 51 x3
2 9 16 18 34 46 x3
16 25 26 27 40 53 x3
8 11 21 26 28 38 x5
1 2 29 30 31 35 x5
2 17 34 36 43 52 x2
10 16 21 23 41 44 x2
7 11 15 18 24 43 x5
8 15 18 42 45 50 x2
10 12 19 48 49 53 x4
5 14 19 30 49 52 x2
3 19 24 34 37 41 x2
26 28 36 41 50 51 x4
7 12 15 20 34 49 x5
2 5 33 45 48 50 x3
6 20 25 36 44 52 x3
3 7 8 28 29 53 x3
17 33 34 41 49 53 x4
13 28 30 32 38 40 x4
25 29 37 38 44 45 x3
18 20 35 36 37 39 x2
1 6 22 24 32 48 x5
15 18 21 31 40 41 x2
9 17 27 44 48 51 x2
8 19 21 23 36 40 x4
19 20 24 27 42 51 x4
2 9 12 24 31 46 x4
12 20 41 43 49 53 x5
12 13 21 26 46 48 x5
15 21 22 24 39 41 x2
3 4 5 38 39 41 x5
7 9 10 42 45 49 x3
1 2 31 40 46 52 x4
5 28 29 40 48 51 x4
12 22 36 42 44 52 x3
5 12 25 29 33 34 x2
8 21 26 27 30 40 x2
18 23 28 36 43 45 x4
1 2 3 9 23 53 x5
15 28 34 40 48 50 x2
7 10 15 17 19 38 x3
3 12 39 44 46 51 x5
1 7 10 12 33 51 x3
15 30 34 44 47 49 x5
1 6 24 27 33 53 x5
7 11 23 30 35 47 x2
6 11 13 24 35 53 x5
19 24 25 26 28 44 x2
4 9 13 40 41 50 x2
6 7 20 46 48 51 x3
2 13 16 17 20 40 x2
14 21 24 32 41 45 x5
6 15 40 45 51 52 x2
1 5 8 39 52 53 x4
7 8 33 35 39 40 x4
12 14 27 30 36 44 x3
10 12 17 28 38 44 x5
4 9 17 21 35 51 x5
5 17 18 24 29 33 x3
9 14 17 23 25 29 x3
20 23 26 32 41 46 x2
5 6 13 33 35 40 x2
1 11 19 33 37 49 x4
21 24 33 37 43 46 x5
1 21 26 30 46 48 x5
4 36 42 47 48 52 x4
5 15 29 35 40 47 x5
13 19 22 44 46 52 x4
21 24 34 41 47 52 x4
2 29 35 37 41 42 x3
3 16 19 20 32 52 x3
5 8 9 12 23 27 x2
2 7 31 40 46 52 x3
5 13 18 28 31 43 x3
1 3 5 14 28 32 x3
3 13 42 47 52 53 x4
1 7 35 39 43 47 x3
13 17 20 23 24 30 x2
2 10 11 41 42 53 x4
1 3 4 12 15 38 x4
8 21 22 27 40 44 x3
4 8 15 16 32 52 x2
6 10 18 27 28 51 x5
4 8 17 20 51 52 x2
3 4 5 39 47 48 x5
29 33 46 48 49 53 x2
20 44 46 48 52 53 x3
3 6 16 30 31 40 x5
2 7 11 15 43 45 x2
3 6 36 46 48 52 x4
11 24 36 45 46 47 x4
3 9 11 21 24 49 x3
10 11 12 17 28 46 x4
6 14 37 41 48 49 x2
7 16 31 38 39 42 x2
3 26 36 37 43 44 x5
15 17 22 40 41 45 x3
14 15 23 36 49 50 x4
8 32 35 46 47 52 x5
1 2 25 43 48 53 x4
9 26 34 40 42 49 x4
10 13 35 36 37 42 x3
1 12 22 44 46 52 x2
13 16 17 40 42 44 x4
3 8 16 20 43 48 x5
19 23 28 38 48 53 x4
2 3 15 39 44 49 x4
4 5 8 13 27 44 x2
10 16 21 25 37 49 x2
4 6 15 24 47 52 x3
2 11 13 20 27 28 x4
20 25 29 30 36 37 x2
9 12 15 21 33 45 x2
5 12 14 28 45 50 x2
8 19 22 29 32 38 x4
23 24 32 44 49 50 x4
1 21 36 40 44 45 x2
2 8 20 33 35 49 x5
18 21 29 30 35 45 x5
2 6 10 32 41 46 x3
8 25 31 35 43 51 x5
2 33 38 51 52 53 x5
13 15 22 38 43 49 x5
2 5 9 24 34 40 x5
1 8 12 24 45 53 x5
4 12 23 32 45 48 x5
1 6 11 14 15 29 x3
1 8 15 19 32 48 x2
14 15 23 34 36 37 x5
3 24 30 35 43 51 x4
7 13 15 17 51 53 x5
13 18 20 28 42 53 x4
1 8 11 19 46 53 x5
6 7 11 13 23 44 x3
2 3 7 21 36 43 x5
6 13 20 27 29 51 x5
11 12 20 23 33 44 x3
6 15 36 42 46 47 x2
12 16 26 34 42 47 x5
5 8 19 34 41 49 x4
1 3 5 10 38 49 x2
9 14 29 31 32 36 x2
4 5 14 33 39 46 x3
3 36 37 41 47 48 x4
2 7 9 16 19 45 x3
1 7 26 40 42 46 x4
7 9 13 17 21 43 x4
12 14 20 25 36 52 x5
16 24 26 40 41 45 x3
8 9 24 36 38 40 x2
1 8 10 16 52 53 x2
2 16 24 32 40 47 x4
4 8 13 36 38 45 x3
13 23 38 41 45 48 x2
9 23 24 38 40 47 x5
11 26 32 44 45 51 x2
6 9 14 21 28 29 x4
7 20 41 43 48 51 x4
9 11 12 14 21 39 x5
13 22 23 35 39 48 x3
8 17 21 29 36 42 x4
12 28 34 40 42 47 x4
9 17 19 27 31 43 x2
4 12 15 24 38 40 x4
1 2 10 35 42 44 x4
18 19 30 31 33 43 x4
3 11 13 15 33 50 x3
10 12 23 34 38 53 x2
3 6 17 19 45 48 x2
13 14 18 26 37 45 x2
2 11 31 38 49 52 x2
6 13 22 39 40 48 x4
17 19 25 29 47 52 x5
14 21 31 42 45 52 x3
3 8 21 23 35 51 x2
10 15 21 25 26 36 x4
8 18 31 34 36 47 x5
2 9 21 36 39 48 x3
12 16 23 33 46 50 x3
7 15 36 37 39 45 x5
1 39 41 43 46 49 x5
3 8 12 13 20 32 x5
2 4 14 16 44 48 x3
3 6 8 33 35 37 x2
6 12 13 34 41 43 x3
16 32 36 44 48 52 x3
1 4 6 9 33 51 x4
8 31 35 36 44 51 x3
3 5 9 19 44 50 x4
9 16 22 25 47 53 x3
14 17 26 32 45 46 x5
16 39 42 46 47 48 x4
6 8 14 18 29 37 x3
9 18 21 39 40 51 x5
3 24 26 29 44 51 x5
4 10 13 40 41 49 x2
4 10 27 33 43 51 x2
6 15 16 20 29 32 x5
3 11 13 22 44 46 x5
4 5 21 34 45 52 x3
11 21 31 33 46 50 x2
6 10 21 34 45 47 x4
2 10 14 15 36 45 x5
3 20 23 38 39 53 x2
2 3 9 21 23 33 x4
11 13 31 42 45 52 x5
2 5 15 25 39 48 x5
6 16 23 34 36 52 x3
7 15 20 32 41 51 x4
6 10 15 25 42 52 x4
1 21 25 27 29 40 x2
5 6 22 39 47 48 x2
1 5 19 31 49 50 x3
2 12 23 26 39 52 x5
10 31 33 35 36 40 x2
15 17 21 22 47 51 x4
14 16 19 30 37 41 x5
7 13 15 43 45 49 x2
3 21 39 45 47 53 x2
13 16 17 26 39 41 x3
5 8 14 36 37 48 x5
13 24 25 35 36 39 x4
7 18 25 27 30 53 x2
1 7 11 19 27 52 x3
3 17 29 30 31 37 x4
1 4 28 31 40 41 x3
4 10 12 27 49 51 x4
4 5 18 21 35 48 x2
1 13 18 29 39 46 x4
4 22 23 41 44 53 x2
5 9 15 16 23 51 x3
6 10 14 16 47 51 x4
2 21 24 44 50 51 x5
3 7 25 29 36 52 x3
6 11 23 27 36 41 x5
2 5 8 11 20 40 x4
9 11 31 40 44 48 x4
14 20 28 35 41 49 x2
4 10 22 32 38 41 x4
3 6 9 33 37 48 x5
2 21 28 31 47 52 x5
3 13 22 34 48 52 x2
9 11 18 28 36 39 x5
7 16 29 30 45 53 x2
19 22 28 32 43 53 x3
3 10 24 29 39 45 x5
1 6 11 12 25 52 x5
4 21 29 31 43 51 x4
2 12 13 14 37 47 x5
5 19 23 31 44 46 x5
28 33 37 41 44 45 x2
2 18 32 33 39 40 x5
4 9 11 37 38 45 x4
6 18 19 22 47 53 x3
1 22 25 31 39 48 x5
14 15 16 31 40 44 x4
8 20 27 29 34 52 x2
9 20 28 33 43 45 x5
3 5 9 18 47 49 x4
12 15 26 37 38 52 x5
23 41 43 46 48 50 x3
2 13 15 26 27 34 x2
3 15 16 27 38 49 x5
11 13 14 21 35 43 x5
16 19 31 38 42 52 x3
7 10 19 22 24 48 x2
4 13 16 34 43 49 x3
22 23 27 30 33 47 x3
26 31 36 40 52 53 x4
7 12 15 21 26 43 x4
5 10 11 40 50 52 x4
5 19 20 27 29 53 x2
5 10 13 18 36 50 x5
11 13 24 38 39 42 x2
6 7 14 29 30 37 x3
12 16 33 36 46 47 x5
16 21 23 29 32 38 x5
30 31 32 41 50 53 x5
7 8 13 15 28 50 x2
12 16 17 19 33 39 x4
10 14 28 35 42 49 x3
18 46 47 48 51 53 x3
6 14 21 29 30 48 x5
11 18 20 30 44 48 x3
14 16 21 28 34 43 x5
16 19 20 23 38 39 x3
2 10 17 30 37 39 x2
8 15 23 28 46 53 x4
8 10 18 26 40 49 x3
10 26 29 38 42 46 x3
3 4 9 22 36 41 x5
4 16 21 26 41 52 x5
3 14 18 19 29 34 x5
1 22 25 27 48 52 x3
5 24 30 33 37 51 x2
15 21 23 25 34 42 x3
1 23 24 35 39 49 x5
10 29 39 40 41 52 x4
16 26 29 39 45 46 x5
3 8 11 23 40 43 x3
5 7 13 16 30 41 x4
7 9 20 25 29 37 x5
4 20 36 41 44 46 x2
7 20 25 26 31 42 x5
10 18 28 41 44 51 x4
7 8 23 35 49 51 x4
1 8 10 28 30 32 x5
6 17 25 27 32 51 x3
3 22 26 32 40 47 x4
5 14 30 34 35 42 x3
13 15 30 38 52 53 x5
7 14 15 28 36 37 x2
4 16 22 32 46 53 x3
7 10 19 21 31 38 x4
9 30 39 42 44 53 x4
8 18 19 23 32 40 x2
12 17 18 21 46 49 x5
4 13 14 19 36 46 x5
1 5 7 18 19 53 x5
15 18 19 36 37 51 x3
2 8 9 11 13 27 x2
1 4 22 39 51 52 x5
11 21 27 31 44 51 x3
13 17 28 31 34 35 x5
15 24 28 31 46 50 x5
3 16 19 31 36 52 x2
1 2 4 32 33 42 x4
1 16 19 22 48 52 x5
3 11 39 42 45 52 x2
5 18 23 30 33 47 x3
9 11 24 31 38 39 x5
8 14 18 22 35 42 x3
3 14 20 22 32 50 x4
14 18 23 31 38 49 x3
1 11 18 20 27 40 x3
3 10 14 17 28 53 x5
16 44 47 48 52 53 x2
3 6 22 29 41 52 x3
5 10 17 27 38 47 x4
5 22 23 36 43 47 x4
4 31 36 37 48 51 x4
35 38 39 43 44 48 x4
8 20 24 28 38 42 x5
1 10 22 24 29 48 x4
5 15 27 32 45 46 x3
7 11 16 20 35 46 x2
7 14 17 27 34 52 x2
9 13 41 45 51 53 x5
9 10 21 23 37 53 x5
4 11 15 22 44 49 x3
11 29 32 48 49 53 x2
3 21 33 43 45 50 x4
1 12 25 43 44 51 x5
18 19 20 21 24 38 x4
1 19 32 33 38 48 x2
4 8 24 28 39 47 x4
14 18 19 24 25 45 x2
1 5 7 12 34 53 x3
2 17 25 27 38 50 x4
1 12 16 23 33 36 x3
7 13 18 33 40 42 x2
3 12 25 38 40 47 x4
6 14 16 20 35 36 x3
4 5 18 37 40 51 x5
9 20 28 34 48 50 x3
15 19 31 36 38 43 x3
8 17 20 23 26 47 x4
22 24 31 33 42 52 x4
18 29 41 47 49 53 x4
3 11 18 25 36 50 x3
1 2 12 22 41 46 x2
3 10 27 34 40 47 x3
7 13 22 23 33 52 x5
1 4 25 26 34 53 x2
3 6 8 35 36 40 x5
2 8 13 17 25 49 x5
8 16 28 38 43 49 x3
18 23 31 41 44 47 x4
5 16 22 28 34 42 x4
6 17 21 31 41 51 x5
7 13 16 39 40 52 x4
15 19 25 28 36 49 x4
5 11 39 44 46 51 x2
1 20 25 28 41 47 x2
17 26 31 38 45 52 x4
6 7 10 25 39 44 x3
7 11 32 46 48 50 x2
1 5 24 35 42 53 x3
7 13 17 36 43 45 x3
19 27 28 29 33 53 x5
2 4 16 29 33 52 x4
1 13 14 28 36 40 x4
3 4 5 8 23 53 x5
5 11 24 42 43 48 x2
13 24 26 27 45 49 x2
7 9 19 29 49 52 x5
10 21 22 40 42 50 x5
9 12 24 27 50 52 x2
1 22 27 40 42 53 x3
6 8 20 44 45 48 x2
12 17 20 24 25 44 x5
3 8 13 14 18 33 x4
2 5 7 17 29 41 x3
1 4 16 22 47 52 x4
5 9 36 38 43 47 x3
10 27 43 44 48 49 x5
4 10 24 29 47 50 x2
10 15 24 33 39 42 x3
3 28 34 44 52 53 x2
21 25 32 37 39 43 x4
14 21 26 31 35 49 x3
3 15 25 45 46 48 x2
15 18 24 29 31 48 x5
1 5 15 16 41 51 x5
2 8 22 24 27 48 x3
4 6 13 32 49 51 x4
5 9 17 33 40 50 x5
26 30 41 43 46 48 x5
1 8 13 31 34 48 x3
14 15 29 38 39 49 x2
12 14 27 30 42 46 x5
4 15 19 38 47 50 x4
6 21 22 39 43 44 x5
2 4 9 14 18 39 x3
13 15 34 38 44 49 x5
4 9 19 44 48 50 x3
2 16 22 28 38 42 x4
4 12 18 24 25 36 x4
16 29 30 33 41 50 x3
2 4 10 26 29 31 x4
8 21 33 36 37 38 x3
9 22 27 37 44 47 x3
1 9 12 30 34 35 x4
1 13 20 26 29 31 x2
8 17 21 41 42 45 x5
4 5 26 32 37 38 x2
5 6 24 30 32 42 x5
2 4 7 21 34 48 x5
13 18 20 29 48 52 x3
20 25 37 42 44 48 x4
2 4 11 14 38 44 x5
13 21 24 38 47 48 x5
2 5 28 30 31 33 x2
10 17 19 30 45 49 x4
14 25 26 35 41 44 x2
15 25 43 44 49 53 x3
7 16 17 27 43 53 x2
1 6 7 8 43 50 x2
1 5 9 37 38 53 x5
4 7 25 34 40 46 x5
10 12 22 24 31 37 x5
7 14 16 30 46 48 x2
1 2 3 4 37 47 x2
6 17 20 21 40 43 x5
9 15 21 44 46 47 x3
4 25 26 29 31 33 x3
20 21 35 39 49 53 x4
9 12 17 21 30 49 x5
7 14 20 22 27 33 x2
6 23 25 36 43 49 x5
1 23 29 31 38 53 x5
9 14 16 20 28 45 x3
17 23 27 35 36 40 x2
3 13 21 30 32 42 x5
15 18 28 34 37 47 x4
1 8 21 23 31 36 x4
2 8 9 36 42 48 x5
17 19 24 27 30 47 x3
20 35 36 46 48 53 x4
2 8 12 15 18 47 x3
12 19 22 23 26 29 x5
4 27 28 35 37 45 x3
16 20 28 33 47 48 x5
19 29 36 37 45 46 x3
26 31 32 43 44 45 x4
1 6 11 32 41 43 x4
5 6 13 16 21 48 x4
20 22 23 26 35 51 x5
4 16 20 21 27 43 x3
3 7 20 34 38 43 x2
6 15 30 34 39 49 x2
1 6 19 34 43 50 x4
6 20 22 44 45 50 x5
20 31 37 46 47 49 x5
5 11 12 27 41 52 x3
3 12 21 35 41 50 x3
2 15 28 34 46 52 x5
3 6 7 10 20 29 x2
2 6 19 38 47 48 x2
5 8 14 31 44 51 x5
4 12 23 34 40 41 x3
4 11 26 48 49 53 x3
9 20 27 37 42 47 x4
5 10 28 32 40 42 x5
1 15 22 35 38 46 x5
1 6 8 9 11 22 x3
2 17 21 22 39 43 x5
3 10 20 29 35 50 x3
9 14 16 22 25 46 x4
15 16 23 41 50 52 x2
1 3 14 22 26 44 x4
3 4 6 10 30 42 x4
7 19 25 37 47 49 x3
7 12 22 38 51 53 x2
4 12 13 15 29 47 x4
14 37 45 48 51 52 x2
5 12 19 24 33 48 x2
2 12 18 22 24 25 x5
1 2 25 29 40 44 x3
1 6 16 20 31 43 x4
2 4 12 19 48 49 x3
12 22 27 42 47 49 x5
1 12 17 26 35 45 x4
17 22 44 45 49 53 x2
10 31 45 50 51 52 x5
1 7 36 40 42 53 x3
1 4 10 13 39 51 x4
16 20 26 31 49 53 x3
1 5 8 43 45 51 x5
6 14 25 27 39 53 x3
18 23 27 35 42 45 x2
9 15 25 29 37 38 x3
30 31 32 44 47 51 x2
1 3 15 24 47 52 x4
2 8 23 26 37 40 x5
8 19 29 38 47 49 x2
3 20 25 29 43 45 x4
17 20 22 28 31 34 x2
3 9 20 30 34 37 x5
3 8 10 13 40 53 x5
13 21 32 37 40 44 x3
13 15 19 24 33 40 x4
19 20 28 37 47 48 x4
2 13 19 22 36 51 x4
1 11 18 36 37 39 x2
1 18 19 25 31 50 x3
9 12 14 26 31 50 x5
14 16 26 39 44 45 x5
6 11 19 20 34 36 x2
1 7 13 16 23 28 x2
6 12 32 38 40 45 x3
25 35 40 45 48 53 x3
14 16 17 35 46 50 x2
6 16 30 31 51 53 x3
1 5 9 25 52 53 x5
4 28 30 36 44 48 x5
11 28 30 33 36 49 x2
5 19 20 24 27 51 x4
1 8 22 24 27 50 x3
1 15 16 24 33 52 x3
10 12 20 29 38 49 x2
4 17 20 21 26 39 x3
10 27 28 30 45 51 x4
15 21 32 40 41 46 x2
16 19 21 37 50 51 x3
11 19 24 43 48 49 x5
5 7 26 30 37 46 x4
1 2 14 26 32 38 x5
3 28 31 38 39 51 x4
3 15 24 27 37 50 x4
4 14 22 30 44 48 x2
1 7 9 10 21 48 x5
1 16 18 32 40 48 x5
1 6 41 49 50 51 x4
7 15 18 30 47 51 x2
11 16 21 27 30 31 x5
5 23 24 34 36 41 x4
2 6 8 22 35 52 x5
17 26 30 40 45 49 x5
6 9 16 29 33 52 x4
5 12 20 22 39 46 x2
1 5 11 12 25 48 x5
10 23 30 36 40 42 x3
3 4 7 22 43 51 x3
4 8 26 27 28 50 x4
1 4 13 27 35 45 x3
16 26 30 32 36 45 x5
13 19 20 23 32 43 x5
14 16 17 19 25 35 x4
29 32 38 42 44 49 x2
9 21 37 38 39 47 x3
6 19 22 23 25 28 x3
10 16 20 28 40 42 x3
1 11 17 42 45 49 x2
4 12 14 19 21 51 x2
5 9 18 24 25 27 x3
4 8 9 42 46 53 x5
2 41 46 48 50 52 x5
15 20 21 23 28 52 x3
19 21 38 43 47 48 x5
17 20 26 44 47 50 x4
6 15 21 26 44 50 x4
4 7 22 24 26 27 x4
12 15 26 32 34 46 x4
10 15 16 19 47 52 x3
3 21 28 38 42 52 x2
13 24 28 32 37 47 x5
12 28 34 43 48 52 x4
7 14 16 19 22 35 x3
1 19 29 43 49 52 x5
1 19 34 48 49 52 x4
10 20 36 44 46 53 x3
6 12 20 26 27 34 x2
11 12 14 22 32 36 x3
14 28 35 36 44 50 x4
18 35 38 40 46 53 x5
7 16 31 35 37 53 x5
3 4 11 17 25 45 x2
5 9 31 39 42 51 x4
2 17 27 32 33 52 x2
11 14 38 43 51 52 x3
7 9 22 45 47 52 x4
1 3 19 22 33 37 x3
15 20 23 36 38 44 x3
20 23 24 41 47 51 x3
8 9 13 18 20 46 x3
20 21 22 35 45 53 x4
4 16 31 33 46 50 x5
4 5 35 40 46 53 x5
5 14 17 21 23 53 x4
12 13 14 25 28 36 x2
2 8 9 25 35 53 x4
24 31 33 42 49 51 x5
11 12 31 35 37 45 x3
15 22 34 40 42 47 x3
16 23 24 26 27 28 x5
12 14 20 26 32 52 x4
4 8 40 41 44 48 x4
3 13 14 30 35 46 x3
4 27 29 31 41 43 x3
1 7 9 22 26 30 x5
6 7 16 26 44 45 x4
3 10 18 27 41 43 x2
2 12 23 27 44 48 x2
26 30 35 39 45 46 x5
3 6 16 27 32 43 x3
4 18 26 30 45 51 x4
12 14 20 21 34 50 x2
10 19 30 33 51 52 x3
5 12 16 19 45 48 x5
21 30 39 44 45 46 x3
1 5 20 24 28 52 x4
10 15 28 38 43 44 x4
2 9 25 28 32 43 x3
1 10 16 31 36 39 x2
5 10 13 25 26 34 x5
14 32 40 49 51 53 x2
1 14 17 21 40 43 x2
3 24 44 48 50 51 x4
6 13 30 34 46 48 x5
14 20 22 28 36 37 x3
4 18 19 28 33 38 x5
8 9 15 42 46 48 x3
5 6 22 23 43 47 x2
6 8 19 21 39 46 x2
4 5 7 19 34 45 x5
2 14 26 29 36 51 x3
4 16 35 37 43 53 x3
2 6 15 20 24 47 x5
2 5 10 35 51 53 x5
2 12 40 44 47 49 x3
9 27 31 37 41 44 x5
2 12 16 29 43 52 x4
14 30 32 34 52 53 x3
10 12 18 27 36 51 x4
20 25 34 35 46 53 x3
4 15 39 40 42 50 x2
8 9 19 23 26 27 x5
3 16 26 30 34 48 x2
5 23 24 26 29 51 x2
1 5 13 18 28 32 x5
11 29 30 37 45 53 x4
2 21 23 25 33 34 x5
13 17 19 23 39 50 x2
10 13 23 49 51 53 x3
9 18 22 37 44 46 x3
4 8 36 37 40 50 x5
18 22 34 39 48 53 x3
5 18 28 37 42 49 x3
2 25 31 45 52 53 x5
4 15 19 23 31 53 x4
2 4 21 27 32 45 x2
1 17 27 36 42 51 x3
18 27 28 30 35 43 x4
1 4 14 33 36 43 x3
1 11 12 24 31 33 x2
10 12 18 25 27 49 x5
16 22 36 38 42 43 x4
23 29 33 39 45 48 x4
8 14 27 38 49 51 x3
29 32 48 50 51 53 x2
5 15 31 32 45 47 x5
17 24 26 28 51 53 x2
2 4 24 30 39 40 x2
6 19 34 40 42 50 x5
12 18 26 32 36 43 x4
3 34 38 42 45 52 x5
3 7 37 46 51 53
13 14 18 29 32 49
14 20 33 40 42 48
19 22 27 31 34 52
22 27 31 33 40 42
9 10 20 25 37 51
1 2 9 25 28 33
4 8 11 17 34 37
1 13 19 24 39 44
7 28 31 32 34 43
5 19 20 28 43 47
5 6 14 15 44 50
2 4 25 28 38 46
6 21 33 34 51 53
8 22 25 36 52 53
3 6 14 27 39 51
7 13 22 35 51 53
2 6 19 25 41 42
4 13 35 38 41 50
9 10 19 26 31 34
1 13 18 38 42 53
6 12 18 19 38 51
4 15 25 35 46 50
5 13 20 30 47 52
19 31 33 39 43 48
4 14 17 31 39 45
19 23 24 28 44 45
20 30 36 45 49 51
5 14 25 32 49 52
11 27 46 49 50 51
3 13 18 28 44 47
14 17 20 21 43 52
5 16 23 28 30 40
9 25 34 37 40 46
10 25 27 41 46 48
5 35 40 42 43 48
2 15 19 29 30 36
6 26 28 32 36 43
9 13 18 30 37 44
4 13 22 27 30 38
4 13 16 41 45 47
12 15 25 26 47 51
11 14 21 46 49 51
16 33 38 42 46 51
6 28 45 46 50 51
4 12 22 23 29 32
27 33 43 48 50 51
11 23 30 41 44 50
9 10 22 25 39 43
1 2 10 17 26 30
2 25 30 34 49 51
1 14 19 39 44 45
9 15 27 32 35 47
1 5 14 32 40 46
5 15 21 42 47 53
17 18 19 28 30 37
3 5 15 18 30 31
2 10 18 30 35 49
5 17 28 44 51 53
3 27 36 40 45 49
2 26 27 29 46 51
2 10 29 34 46 51
2 9 20 21 26 44
3 18 24 46 51 53
4 28 37 43 47 53
4 13 27 29 43 49
3 5 6 9 18 38
5 11 18 30 34 44
1 5 9 10 12 32
8 10 11 14 21 50
14 18 22 28 40 53
6 17 18 19 32 36
